0 Untitled
0 Name: flattershy.ldr
0 Author: LDraw
0 Unofficial Model
0 ROTATION CENTER 0 0 0 1 "Custom" 
0 ROTATION CONFIG 0 0
1 13 11 67 2 0 1 0 1 0 0 0 0 -1 44728.dat
1 13 41 97 64 1 0 0 0 0 1 0 -1 0 33243.dat
1 13 39.078 102.242 -51 -0.707107 0 0.707107 -0.707107 0 -0.707107 0 -1 0 33243.dat
1 13 3 87 3 0 1 0 -1 0 0 0 0 1 2431.dat
1 13 19 78 2 0 1 0 -1 0 0 0 0 1 3005.dat
1 13 19 58 2 0 1 0 -1 0 0 0 0 1 3005.dat
1 15 19 78 24 1 0 0 0 0 1 0 -1 0 3024.dat
1 13 42 58 2 0 1 0 -1 0 0 0 0 1 6141.dat
1 13 43 78 2 0 1 0 -1 0 0 0 0 1 6141.dat
1 232 19 79 33 0 0 1 -1 0 0 0 -1 0 3024.dat
1 65 19 79 49 1 0 0 0 0 1 0 -1 0 6091.dat
1 65 19 79 49 1 0 0 0 0 1 0 -1 0 3024.dat
1 65 31 116 -42 0 0 1 -1 0 0 0 -1 0 3021.dat
1 65 41 126 -34 0 0 1 -1 0 0 0 -1 0 3023.dat
1 65 31 96 -34 -1 0 0 0 0 -1 0 -1 0 3023.dat
1 65 31 96 -26 -1 0 0 0 0 -1 0 -1 0 3023.dat
1 65 41 126 -26 0 0 -1 1 0 0 0 -1 0 3069b.dat
1 65 21 126 -34 0 0 -1 1 0 0 0 -1 0 3069b.dat
1 65 41 96 -18 0 0 -1 1 0 0 0 -1 0 61252.dat
1 65 21 96 -18 0 0 1 -1 0 0 0 -1 0 61252.dat
1 65 31 96 -10 -1 0 0 0 0 -1 0 -1 0 3023.dat
1 65 31 96 -2 -1 0 0 0 0 -1 0 -1 0 3023.dat
1 65 21 96 6 1 0 0 0 0 1 0 -1 0 63325.dat
1 65 41 136 14 1 0 0 0 0 1 0 -1 0 3024.dat
1 65 21 136 6 1 0 0 0 0 1 0 -1 0 3024.dat
1 65 21 126 14 0 0 1 -1 0 0 0 -1 0 3069b.dat
1 65 41 96 14 0 0 -1 1 0 0 0 -1 0 2420.dat
1 65 41 126 22 0 0 -1 1 0 0 0 -1 0 3069b.dat
1 65 -12.232 97.402 -16 0 0.5 -0.866025 0 0.866025 0.5 1 0 0 3069b.dat
1 65 69.924 94.87 -16 0 -0.258819 -0.965926 0 0.965926 -0.258819 1 0 0 3069b.dat
1 65 21 96 14 -1 0 0 0 0 -1 0 -1 0 54200.dat
0
